{
 "cells": [
  {
   "cell_type": "code",
   "execution_count": 1,
   "metadata": {
    "collapsed": true
   },
   "outputs": [],
   "source": [
    "# My Standard Spark Session!\n",
    "\n",
    "# Python libraries:\n",
    "import os\n",
    "import sys\n",
    "import re\n",
    "from dateutil import parser\n",
    "# import datetime\n",
    "from datetime import datetime\n",
    "from datetime import date\n",
    "import builtins\n",
    "import json\n",
    "import functools\n",
    "import operator\n",
    "from itertools import product\n",
    "\n",
    "# Numpy & Pandas!\n",
    "import numpy as np\n",
    "import pandas as pd\n",
    "pd.options.display.float_format = '{:20,.2f}'.format\n",
    "pd.options.display.max_columns = None\n",
    "\n",
    "# Spark!\n",
    "from pyspark import SparkContext\n",
    "from pyspark.sql.functions import *\n",
    "from pyspark.sql.types import *\n",
    "from pyspark.sql.window import *\n",
    "from pyspark.sql import SparkSession, Row\n",
    "\n",
    "\n",
    "spark = SparkSession.builder.appName(\"myapp\").getOrCreate()\n",
    "\n",
    "#     spark = SparkSession.builder.master(\"yarn\")\\\n",
    "#     .config(\"spark.executor.instances\", \"32\")\\\n",
    "#     .config(\"spark.executor.cores\", \"4\")\\\n",
    "#     .config(\"spark.executor.memory\", \"4G\")\\\n",
    "#     .config(\"spark.driver.memory\", \"4G\")\\\n",
    "#     .config(\"spark.executor.memoryOverhead\",\"4G\")\\\n",
    "#     .config(\"spark.yarn.queue\",\"Medium\")\\\n",
    "#     .appName(\"myapp\")\\\n",
    "#     .getOrCreate()\n",
    "\n",
    "sc = spark.sparkContext\n",
    "spark.conf.set(\"spark.sql.sources.partitionColumnTypeInference.enabled\", \"false\")\n",
    "spark.conf.set(\"spark.debug.maxToStringFields\",\"true\")"
   ]
  },
  {
   "cell_type": "code",
   "execution_count": 2,
   "metadata": {},
   "outputs": [
    {
     "name": "stdout",
     "output_type": "stream",
     "text": [
      " Python Version:  3.6.1 |Anaconda 4.4.0 (64-bit)| (default, May 11 2017, 13:25:24) [MSC v.1900 64 bit (AMD64)]\n",
      "    Python Path:  C:\\Users\\d810216\\AppData\\Local\\conda\\conda\\envs\\my_root\n",
      " My Python Libs:  C:\\Users\\d810216/.myconfigs\n",
      "   My Spark Dir:  C:\\Users\\d810216/spark2_dfanalysis\n",
      "   My Spark Ctx:  <pyspark.sql.session.SparkSession object at 0x0000016736A53390>\n"
     ]
    }
   ],
   "source": [
    "%load_ext autoreload\n",
    "%autoreload 2\n",
    "# The autoreload extension is already loaded. To reload it, use:\n",
    "#  %reload_ext autoreload\n",
    "\n",
    "\n",
    "# mylib:\n",
    "my_library = os.path.expanduser('~/.myconfigs')\n",
    "my_spark = os.path.expanduser('~/spark2_dfanalysis')\n",
    "sys.path.append(my_library)\n",
    "sys.path.append(my_spark)\n",
    "\n",
    "\n",
    "from shared.app_context import *\n",
    "from builder.DataFrameBuild import *\n",
    "\n",
    "ctx = ApplicationContext(\"Dev-Job\")\n",
    "\n",
    "DFB = DataFrameBuild(ctx.spark)\n",
    "\n",
    "print(\"%16s  %s\" % (\"Python Version:\",sys.version))\n",
    "print(\"%16s  %s\" % (\"Python Path:\",os.path.dirname(sys.executable)))\n",
    "print(\"%16s  %s\" % (\"My Python Libs:\",my_library))\n",
    "print(\"%16s  %s\" % (\"My Spark Dir:\",my_spark))\n",
    "print(\"%16s  %s\" % (\"My Spark Ctx:\",ctx.spark))\n",
    "# print(ctx.spark)\n",
    "# print(os.listdir(my_spark))\n",
    "# print(sys.path)\n",
    "# print(\"\\n\")"
   ]
  },
  {
   "cell_type": "code",
   "execution_count": 3,
   "metadata": {},
   "outputs": [
    {
     "name": "stdout",
     "output_type": "stream",
     "text": [
      "C:\\Users\\d810216\\spark2_dfanalysis\\notebooks\\dev\n"
     ]
    }
   ],
   "source": [
    "my_dir = os.path.dirname(os.path.abspath('__file__'))\n",
    "print(my_dir)"
   ]
  },
  {
   "cell_type": "markdown",
   "metadata": {},
   "source": [
    "Let's pretend someone gave us some car sales!\n",
    "- df1 - first set\n",
    "- df2 - second set"
   ]
  },
  {
   "cell_type": "code",
   "execution_count": 4,
   "metadata": {
    "collapsed": true
   },
   "outputs": [],
   "source": [
    "num = 100000\n",
    "\n",
    "\n",
    "df1 = DFB.arrays_to_dataframe(\n",
    "    [DFB.build_array(\"string\",num=num,width=8),\n",
    "     DFB.build_array(\"integer\",num=num,nrange=(1,4)),\n",
    "     DFB.build_array(\"integer\",num=num,nrange=(1,12)),\n",
    "     DFB.build_array(\"double\",num=num,nrange=(0.0,10000)),\n",
    "     DFB.build_array(\"double\",num=num,nrange=(0.0,25000)),\n",
    "     DFB.build_array(\"double\",num=num,nrange=(500,2000)),\n",
    "     DFB.build_array(\"double\",num=num,nrange=(1200,2700)),\n",
    "     DFB.build_array(\"double\",num=num,nrange=(0.0,7500))],\n",
    "    ['passwords','quarter','month','tenthousand','msrp','discount','tax','upgrades'])\n",
    "\n",
    "\n",
    "df2 = DFB.arrays_to_dataframe(\n",
    "    [DFB.build_array(\"string\",num=num,width=8),\n",
    "     DFB.build_array(\"integer\",num=num,nrange=(1,4)),\n",
    "     DFB.build_array(\"integer\",num=num,nrange=(1,12)),\n",
    "     DFB.build_array(\"double\",num=num,nrange=(0.0,10000)),\n",
    "     DFB.build_array(\"double\",num=num,nrange=(0.0,25000)),\n",
    "     DFB.build_array(\"double\",num=num,nrange=(500,2000)),\n",
    "     DFB.build_array(\"double\",num=num,nrange=(1200,2700)),\n",
    "     DFB.build_array(\"double\",num=num,nrange=(0.0,7500))],\n",
    "    ['passwords','quarter','month','tenthousand','msrp','discount','tax','upgrades'])"
   ]
  },
  {
   "cell_type": "code",
   "execution_count": 5,
   "metadata": {},
   "outputs": [
    {
     "name": "stdout",
     "output_type": "stream",
     "text": [
      "root\n",
      " |-- passwords: string (nullable = true)\n",
      " |-- quarter: long (nullable = true)\n",
      " |-- month: long (nullable = true)\n",
      " |-- tenthousand: double (nullable = true)\n",
      " |-- msrp: double (nullable = true)\n",
      " |-- discount: double (nullable = true)\n",
      " |-- tax: double (nullable = true)\n",
      " |-- upgrades: double (nullable = true)\n",
      "\n"
     ]
    }
   ],
   "source": [
    "df1.printSchema()"
   ]
  },
  {
   "cell_type": "code",
   "execution_count": 6,
   "metadata": {},
   "outputs": [
    {
     "data": {
      "text/html": [
       "<div>\n",
       "<style scoped>\n",
       "    .dataframe tbody tr th:only-of-type {\n",
       "        vertical-align: middle;\n",
       "    }\n",
       "\n",
       "    .dataframe tbody tr th {\n",
       "        vertical-align: top;\n",
       "    }\n",
       "\n",
       "    .dataframe thead th {\n",
       "        text-align: right;\n",
       "    }\n",
       "</style>\n",
       "<table border=\"1\" class=\"dataframe\">\n",
       "  <thead>\n",
       "    <tr style=\"text-align: right;\">\n",
       "      <th></th>\n",
       "      <th>passwords</th>\n",
       "      <th>quarter</th>\n",
       "      <th>month</th>\n",
       "      <th>tenthousand</th>\n",
       "      <th>msrp</th>\n",
       "      <th>discount</th>\n",
       "      <th>tax</th>\n",
       "      <th>upgrades</th>\n",
       "    </tr>\n",
       "  </thead>\n",
       "  <tbody>\n",
       "    <tr>\n",
       "      <th>0</th>\n",
       "      <td>snawehoh</td>\n",
       "      <td>1</td>\n",
       "      <td>5</td>\n",
       "      <td>9,669.54</td>\n",
       "      <td>21,075.52</td>\n",
       "      <td>616.79</td>\n",
       "      <td>2,003.87</td>\n",
       "      <td>7,063.73</td>\n",
       "    </tr>\n",
       "    <tr>\n",
       "      <th>1</th>\n",
       "      <td>qusxutsf</td>\n",
       "      <td>1</td>\n",
       "      <td>3</td>\n",
       "      <td>3,997.48</td>\n",
       "      <td>11,419.71</td>\n",
       "      <td>1,493.40</td>\n",
       "      <td>1,859.85</td>\n",
       "      <td>2,092.91</td>\n",
       "    </tr>\n",
       "    <tr>\n",
       "      <th>2</th>\n",
       "      <td>hrngoyat</td>\n",
       "      <td>1</td>\n",
       "      <td>6</td>\n",
       "      <td>2,105.70</td>\n",
       "      <td>8,012.16</td>\n",
       "      <td>1,512.80</td>\n",
       "      <td>2,195.59</td>\n",
       "      <td>1,231.33</td>\n",
       "    </tr>\n",
       "    <tr>\n",
       "      <th>3</th>\n",
       "      <td>yswxtokx</td>\n",
       "      <td>3</td>\n",
       "      <td>7</td>\n",
       "      <td>9,924.58</td>\n",
       "      <td>20,964.81</td>\n",
       "      <td>991.76</td>\n",
       "      <td>2,512.14</td>\n",
       "      <td>6,622.61</td>\n",
       "    </tr>\n",
       "  </tbody>\n",
       "</table>\n",
       "</div>"
      ],
      "text/plain": [
       "  passwords  quarter  month          tenthousand                 msrp  \\\n",
       "0  snawehoh        1      5             9,669.54            21,075.52   \n",
       "1  qusxutsf        1      3             3,997.48            11,419.71   \n",
       "2  hrngoyat        1      6             2,105.70             8,012.16   \n",
       "3  yswxtokx        3      7             9,924.58            20,964.81   \n",
       "\n",
       "              discount                  tax             upgrades  \n",
       "0               616.79             2,003.87             7,063.73  \n",
       "1             1,493.40             1,859.85             2,092.91  \n",
       "2             1,512.80             2,195.59             1,231.33  \n",
       "3               991.76             2,512.14             6,622.61  "
      ]
     },
     "execution_count": 6,
     "metadata": {},
     "output_type": "execute_result"
    }
   ],
   "source": [
    "df1.limit(4).toPandas()"
   ]
  },
  {
   "cell_type": "markdown",
   "metadata": {},
   "source": [
    "## Examples:\n",
    "- Filter certain values from a column: some in, some out.\n",
    "- Do multi-column aggregation, orderBy (ascending, descending)\n",
    "- Use some user defined functions (UDF) to do column manipulations."
   ]
  },
  {
   "cell_type": "code",
   "execution_count": 20,
   "metadata": {},
   "outputs": [
    {
     "name": "stdout",
     "output_type": "stream",
     "text": [
      "[2, 3, 4, 5, 6, 7, 8, 9, 10, 11]\n"
     ]
    }
   ],
   "source": [
    "months_not_jan_dec = [x for x in range(2,12)]\n",
    "months_jan_dec = [1,12]\n",
    "print(months_not_jan_dec)"
   ]
  },
  {
   "cell_type": "markdown",
   "metadata": {},
   "source": [
    "Let's see what happens if I cut out \"January\" and December from my df1 and df2.<br>\n",
    "I'm going to use \"isin\", \"filter\", and the tilda to exclude these results.<br>\n",
    "These will not be an exact match on the record count, but statistically, they should be close!"
   ]
  },
  {
   "cell_type": "code",
   "execution_count": 21,
   "metadata": {},
   "outputs": [
    {
     "name": "stdout",
     "output_type": "stream",
     "text": [
      "100000\n",
      "100000\n"
     ]
    }
   ],
   "source": [
    "print(df1.count())\n",
    "print(df2.count())"
   ]
  },
  {
   "cell_type": "markdown",
   "metadata": {},
   "source": [
    "### Filter 2 of 12 months out/in"
   ]
  },
  {
   "cell_type": "code",
   "execution_count": 24,
   "metadata": {
    "collapsed": true
   },
   "outputs": [],
   "source": [
    "df1_febnov = df1.filter(~col(\"month\").isin(months_jan_dec))"
   ]
  },
  {
   "cell_type": "code",
   "execution_count": 25,
   "metadata": {
    "collapsed": true
   },
   "outputs": [],
   "source": [
    "df2_febnov = df2.filter(~col(\"month\").isin(months_jan_dec))"
   ]
  },
  {
   "cell_type": "code",
   "execution_count": 31,
   "metadata": {
    "collapsed": true
   },
   "outputs": [],
   "source": [
    "df1_jan_dec = df1.filter(col(\"month\").isin(months_jan_dec))\n",
    "df2_jan_dec = df2.filter(col(\"month\").isin(months_jan_dec))"
   ]
  },
  {
   "cell_type": "code",
   "execution_count": 32,
   "metadata": {},
   "outputs": [
    {
     "name": "stdout",
     "output_type": "stream",
     "text": [
      "83234\n",
      "83424\n",
      "16766\n",
      "16576\n"
     ]
    }
   ],
   "source": [
    "print(df1_febnov.count())\n",
    "print(df2_febnov.count())\n",
    "\n",
    "print(df1_jan_dec.count())\n",
    "print(df2_jan_dec.count())"
   ]
  },
  {
   "cell_type": "markdown",
   "metadata": {},
   "source": [
    "Statistics work! "
   ]
  },
  {
   "cell_type": "code",
   "execution_count": 33,
   "metadata": {},
   "outputs": [
    {
     "name": "stdout",
     "output_type": "stream",
     "text": [
      "0.83552\n",
      "0.8333333333333334\n",
      "0.16666666666666666\n"
     ]
    }
   ],
   "source": [
    "# my exclusion of 2 out of 12 months came to 83552 the first time I ran it.\n",
    "print(83552/100000)\n",
    "print(10/12)\n",
    "\n",
    "print(2/12)"
   ]
  },
  {
   "cell_type": "markdown",
   "metadata": {},
   "source": [
    "### Let's check that month 1 and 12 are no longer in the dataframes by using:\n",
    "- list <- set(unique) <- row\n",
    "- get the min, max\n",
    "- countDistinct"
   ]
  },
  {
   "cell_type": "code",
   "execution_count": 34,
   "metadata": {
    "collapsed": true
   },
   "outputs": [],
   "source": [
    "# Let's convert a single column to a row.\n",
    "months_still_avail = list(set([x.month for x in df1_febnov.collect()]))"
   ]
  },
  {
   "cell_type": "code",
   "execution_count": 35,
   "metadata": {},
   "outputs": [
    {
     "name": "stdout",
     "output_type": "stream",
     "text": [
      "[2, 3, 4, 5, 6, 7, 8, 9, 10, 11]\n"
     ]
    }
   ],
   "source": [
    "print(months_still_avail)\n",
    "\n",
    "# They're all still there!\n",
    "# [2, 3, 4, 5, 6, 7, 8, 9, 10, 11]"
   ]
  },
  {
   "cell_type": "code",
   "execution_count": 36,
   "metadata": {},
   "outputs": [
    {
     "name": "stdout",
     "output_type": "stream",
     "text": [
      "+----------+\n",
      "|max(month)|\n",
      "+----------+\n",
      "|        11|\n",
      "+----------+\n",
      "\n",
      "+----------+\n",
      "|min(month)|\n",
      "+----------+\n",
      "|         2|\n",
      "+----------+\n",
      "\n"
     ]
    }
   ],
   "source": [
    "df1_febnov.select(\"month\").agg(max(\"month\")).show()\n",
    "df1_febnov.select(\"month\").agg(min(\"month\")).show()"
   ]
  },
  {
   "cell_type": "code",
   "execution_count": 38,
   "metadata": {},
   "outputs": [
    {
     "name": "stdout",
     "output_type": "stream",
     "text": [
      "+-----+\n",
      "|month|\n",
      "+-----+\n",
      "|    2|\n",
      "|    3|\n",
      "|    4|\n",
      "|    5|\n",
      "|    6|\n",
      "|    7|\n",
      "|    8|\n",
      "|    9|\n",
      "|   10|\n",
      "|   11|\n",
      "+-----+\n",
      "\n"
     ]
    }
   ],
   "source": [
    "df1_febnov.select(\"month\").distinct().orderBy(\"month\").show()"
   ]
  },
  {
   "cell_type": "markdown",
   "metadata": {},
   "source": [
    "### Do multi-column aggregation with sum.\n",
    "- Let's check the sums of the msrp, discount, tax, and upgrades by month and compare it to the other dataset"
   ]
  },
  {
   "cell_type": "code",
   "execution_count": 39,
   "metadata": {
    "collapsed": true
   },
   "outputs": [],
   "source": [
    "# price based columns\n",
    "\n",
    "price_cols = ['msrp','discount','tax','upgrades']   \n",
    "\n",
    "price_sum_expr = [sum(x) for x in price_cols]"
   ]
  },
  {
   "cell_type": "code",
   "execution_count": 40,
   "metadata": {},
   "outputs": [
    {
     "data": {
      "text/html": [
       "<div>\n",
       "<style scoped>\n",
       "    .dataframe tbody tr th:only-of-type {\n",
       "        vertical-align: middle;\n",
       "    }\n",
       "\n",
       "    .dataframe tbody tr th {\n",
       "        vertical-align: top;\n",
       "    }\n",
       "\n",
       "    .dataframe thead th {\n",
       "        text-align: right;\n",
       "    }\n",
       "</style>\n",
       "<table border=\"1\" class=\"dataframe\">\n",
       "  <thead>\n",
       "    <tr style=\"text-align: right;\">\n",
       "      <th></th>\n",
       "      <th>month</th>\n",
       "      <th>sum(msrp)</th>\n",
       "      <th>sum(discount)</th>\n",
       "      <th>sum(tax)</th>\n",
       "      <th>sum(upgrades)</th>\n",
       "    </tr>\n",
       "  </thead>\n",
       "  <tbody>\n",
       "    <tr>\n",
       "      <th>0</th>\n",
       "      <td>11</td>\n",
       "      <td>105,855,753.40</td>\n",
       "      <td>10,558,502.31</td>\n",
       "      <td>16,512,540.38</td>\n",
       "      <td>31,766,978.51</td>\n",
       "    </tr>\n",
       "    <tr>\n",
       "      <th>1</th>\n",
       "      <td>8</td>\n",
       "      <td>105,697,285.00</td>\n",
       "      <td>10,526,173.63</td>\n",
       "      <td>16,468,807.62</td>\n",
       "      <td>31,390,778.07</td>\n",
       "    </tr>\n",
       "    <tr>\n",
       "      <th>2</th>\n",
       "      <td>3</td>\n",
       "      <td>105,239,178.20</td>\n",
       "      <td>10,529,493.56</td>\n",
       "      <td>16,539,723.12</td>\n",
       "      <td>31,558,022.14</td>\n",
       "    </tr>\n",
       "    <tr>\n",
       "      <th>3</th>\n",
       "      <td>2</td>\n",
       "      <td>105,194,017.01</td>\n",
       "      <td>10,469,590.24</td>\n",
       "      <td>16,443,190.99</td>\n",
       "      <td>31,354,700.09</td>\n",
       "    </tr>\n",
       "    <tr>\n",
       "      <th>4</th>\n",
       "      <td>5</td>\n",
       "      <td>104,998,096.65</td>\n",
       "      <td>10,361,421.23</td>\n",
       "      <td>16,327,075.48</td>\n",
       "      <td>31,409,763.98</td>\n",
       "    </tr>\n",
       "    <tr>\n",
       "      <th>5</th>\n",
       "      <td>6</td>\n",
       "      <td>103,534,556.47</td>\n",
       "      <td>10,376,541.18</td>\n",
       "      <td>16,198,138.56</td>\n",
       "      <td>31,359,100.60</td>\n",
       "    </tr>\n",
       "    <tr>\n",
       "      <th>6</th>\n",
       "      <td>4</td>\n",
       "      <td>103,040,760.47</td>\n",
       "      <td>10,331,847.70</td>\n",
       "      <td>16,158,364.92</td>\n",
       "      <td>31,151,526.39</td>\n",
       "    </tr>\n",
       "    <tr>\n",
       "      <th>7</th>\n",
       "      <td>7</td>\n",
       "      <td>102,560,396.91</td>\n",
       "      <td>10,357,990.08</td>\n",
       "      <td>16,104,010.11</td>\n",
       "      <td>31,081,796.87</td>\n",
       "    </tr>\n",
       "    <tr>\n",
       "      <th>8</th>\n",
       "      <td>10</td>\n",
       "      <td>102,540,099.71</td>\n",
       "      <td>10,242,788.20</td>\n",
       "      <td>15,953,669.97</td>\n",
       "      <td>30,850,906.23</td>\n",
       "    </tr>\n",
       "    <tr>\n",
       "      <th>9</th>\n",
       "      <td>9</td>\n",
       "      <td>99,945,124.35</td>\n",
       "      <td>9,960,439.89</td>\n",
       "      <td>15,639,564.24</td>\n",
       "      <td>29,860,856.27</td>\n",
       "    </tr>\n",
       "  </tbody>\n",
       "</table>\n",
       "</div>"
      ],
      "text/plain": [
       "   month            sum(msrp)        sum(discount)             sum(tax)  \\\n",
       "0     11       105,855,753.40        10,558,502.31        16,512,540.38   \n",
       "1      8       105,697,285.00        10,526,173.63        16,468,807.62   \n",
       "2      3       105,239,178.20        10,529,493.56        16,539,723.12   \n",
       "3      2       105,194,017.01        10,469,590.24        16,443,190.99   \n",
       "4      5       104,998,096.65        10,361,421.23        16,327,075.48   \n",
       "5      6       103,534,556.47        10,376,541.18        16,198,138.56   \n",
       "6      4       103,040,760.47        10,331,847.70        16,158,364.92   \n",
       "7      7       102,560,396.91        10,357,990.08        16,104,010.11   \n",
       "8     10       102,540,099.71        10,242,788.20        15,953,669.97   \n",
       "9      9        99,945,124.35         9,960,439.89        15,639,564.24   \n",
       "\n",
       "         sum(upgrades)  \n",
       "0        31,766,978.51  \n",
       "1        31,390,778.07  \n",
       "2        31,558,022.14  \n",
       "3        31,354,700.09  \n",
       "4        31,409,763.98  \n",
       "5        31,359,100.60  \n",
       "6        31,151,526.39  \n",
       "7        31,081,796.87  \n",
       "8        30,850,906.23  \n",
       "9        29,860,856.27  "
      ]
     },
     "execution_count": 40,
     "metadata": {},
     "output_type": "execute_result"
    }
   ],
   "source": [
    "df1_febnov.groupBy(\"month\")\\\n",
    ".agg(*price_sum_expr)\\\n",
    ".orderBy(\"sum(msrp)\",ascending=False)\\\n",
    ".limit(50).toPandas()"
   ]
  },
  {
   "cell_type": "code",
   "execution_count": 41,
   "metadata": {},
   "outputs": [
    {
     "data": {
      "text/html": [
       "<div>\n",
       "<style scoped>\n",
       "    .dataframe tbody tr th:only-of-type {\n",
       "        vertical-align: middle;\n",
       "    }\n",
       "\n",
       "    .dataframe tbody tr th {\n",
       "        vertical-align: top;\n",
       "    }\n",
       "\n",
       "    .dataframe thead th {\n",
       "        text-align: right;\n",
       "    }\n",
       "</style>\n",
       "<table border=\"1\" class=\"dataframe\">\n",
       "  <thead>\n",
       "    <tr style=\"text-align: right;\">\n",
       "      <th></th>\n",
       "      <th>month</th>\n",
       "      <th>sum(msrp)</th>\n",
       "      <th>sum(discount)</th>\n",
       "      <th>sum(tax)</th>\n",
       "      <th>sum(upgrades)</th>\n",
       "    </tr>\n",
       "  </thead>\n",
       "  <tbody>\n",
       "    <tr>\n",
       "      <th>0</th>\n",
       "      <td>2</td>\n",
       "      <td>105,194,017.01</td>\n",
       "      <td>10,469,590.24</td>\n",
       "      <td>16,443,190.99</td>\n",
       "      <td>31,354,700.09</td>\n",
       "    </tr>\n",
       "    <tr>\n",
       "      <th>1</th>\n",
       "      <td>3</td>\n",
       "      <td>105,239,178.20</td>\n",
       "      <td>10,529,493.56</td>\n",
       "      <td>16,539,723.12</td>\n",
       "      <td>31,558,022.14</td>\n",
       "    </tr>\n",
       "    <tr>\n",
       "      <th>2</th>\n",
       "      <td>4</td>\n",
       "      <td>103,040,760.47</td>\n",
       "      <td>10,331,847.70</td>\n",
       "      <td>16,158,364.92</td>\n",
       "      <td>31,151,526.39</td>\n",
       "    </tr>\n",
       "    <tr>\n",
       "      <th>3</th>\n",
       "      <td>5</td>\n",
       "      <td>104,998,096.65</td>\n",
       "      <td>10,361,421.23</td>\n",
       "      <td>16,327,075.48</td>\n",
       "      <td>31,409,763.98</td>\n",
       "    </tr>\n",
       "    <tr>\n",
       "      <th>4</th>\n",
       "      <td>6</td>\n",
       "      <td>103,534,556.47</td>\n",
       "      <td>10,376,541.18</td>\n",
       "      <td>16,198,138.56</td>\n",
       "      <td>31,359,100.60</td>\n",
       "    </tr>\n",
       "    <tr>\n",
       "      <th>5</th>\n",
       "      <td>7</td>\n",
       "      <td>102,560,396.91</td>\n",
       "      <td>10,357,990.08</td>\n",
       "      <td>16,104,010.11</td>\n",
       "      <td>31,081,796.87</td>\n",
       "    </tr>\n",
       "    <tr>\n",
       "      <th>6</th>\n",
       "      <td>8</td>\n",
       "      <td>105,697,285.00</td>\n",
       "      <td>10,526,173.63</td>\n",
       "      <td>16,468,807.62</td>\n",
       "      <td>31,390,778.07</td>\n",
       "    </tr>\n",
       "    <tr>\n",
       "      <th>7</th>\n",
       "      <td>9</td>\n",
       "      <td>99,945,124.35</td>\n",
       "      <td>9,960,439.89</td>\n",
       "      <td>15,639,564.24</td>\n",
       "      <td>29,860,856.27</td>\n",
       "    </tr>\n",
       "    <tr>\n",
       "      <th>8</th>\n",
       "      <td>10</td>\n",
       "      <td>102,540,099.71</td>\n",
       "      <td>10,242,788.20</td>\n",
       "      <td>15,953,669.97</td>\n",
       "      <td>30,850,906.23</td>\n",
       "    </tr>\n",
       "    <tr>\n",
       "      <th>9</th>\n",
       "      <td>11</td>\n",
       "      <td>105,855,753.40</td>\n",
       "      <td>10,558,502.31</td>\n",
       "      <td>16,512,540.38</td>\n",
       "      <td>31,766,978.51</td>\n",
       "    </tr>\n",
       "  </tbody>\n",
       "</table>\n",
       "</div>"
      ],
      "text/plain": [
       "   month            sum(msrp)        sum(discount)             sum(tax)  \\\n",
       "0      2       105,194,017.01        10,469,590.24        16,443,190.99   \n",
       "1      3       105,239,178.20        10,529,493.56        16,539,723.12   \n",
       "2      4       103,040,760.47        10,331,847.70        16,158,364.92   \n",
       "3      5       104,998,096.65        10,361,421.23        16,327,075.48   \n",
       "4      6       103,534,556.47        10,376,541.18        16,198,138.56   \n",
       "5      7       102,560,396.91        10,357,990.08        16,104,010.11   \n",
       "6      8       105,697,285.00        10,526,173.63        16,468,807.62   \n",
       "7      9        99,945,124.35         9,960,439.89        15,639,564.24   \n",
       "8     10       102,540,099.71        10,242,788.20        15,953,669.97   \n",
       "9     11       105,855,753.40        10,558,502.31        16,512,540.38   \n",
       "\n",
       "         sum(upgrades)  \n",
       "0        31,354,700.09  \n",
       "1        31,558,022.14  \n",
       "2        31,151,526.39  \n",
       "3        31,409,763.98  \n",
       "4        31,359,100.60  \n",
       "5        31,081,796.87  \n",
       "6        31,390,778.07  \n",
       "7        29,860,856.27  \n",
       "8        30,850,906.23  \n",
       "9        31,766,978.51  "
      ]
     },
     "execution_count": 41,
     "metadata": {},
     "output_type": "execute_result"
    }
   ],
   "source": [
    "# ascending:\n",
    "df1_febnov.groupBy(\"month\")\\\n",
    ".agg(*price_sum_expr)\\\n",
    ".orderBy(\"month\")\\\n",
    ".limit(50).toPandas()"
   ]
  },
  {
   "cell_type": "code",
   "execution_count": 44,
   "metadata": {},
   "outputs": [
    {
     "data": {
      "text/html": [
       "<div>\n",
       "<style scoped>\n",
       "    .dataframe tbody tr th:only-of-type {\n",
       "        vertical-align: middle;\n",
       "    }\n",
       "\n",
       "    .dataframe tbody tr th {\n",
       "        vertical-align: top;\n",
       "    }\n",
       "\n",
       "    .dataframe thead th {\n",
       "        text-align: right;\n",
       "    }\n",
       "</style>\n",
       "<table border=\"1\" class=\"dataframe\">\n",
       "  <thead>\n",
       "    <tr style=\"text-align: right;\">\n",
       "      <th></th>\n",
       "      <th>month</th>\n",
       "      <th>sum(msrp)</th>\n",
       "      <th>sum(discount)</th>\n",
       "      <th>sum(tax)</th>\n",
       "      <th>sum(upgrades)</th>\n",
       "    </tr>\n",
       "  </thead>\n",
       "  <tbody>\n",
       "    <tr>\n",
       "      <th>0</th>\n",
       "      <td>11</td>\n",
       "      <td>105,855,753.40</td>\n",
       "      <td>10,558,502.31</td>\n",
       "      <td>16,512,540.38</td>\n",
       "      <td>31,766,978.51</td>\n",
       "    </tr>\n",
       "    <tr>\n",
       "      <th>1</th>\n",
       "      <td>10</td>\n",
       "      <td>102,540,099.71</td>\n",
       "      <td>10,242,788.20</td>\n",
       "      <td>15,953,669.97</td>\n",
       "      <td>30,850,906.23</td>\n",
       "    </tr>\n",
       "    <tr>\n",
       "      <th>2</th>\n",
       "      <td>9</td>\n",
       "      <td>99,945,124.35</td>\n",
       "      <td>9,960,439.89</td>\n",
       "      <td>15,639,564.24</td>\n",
       "      <td>29,860,856.27</td>\n",
       "    </tr>\n",
       "    <tr>\n",
       "      <th>3</th>\n",
       "      <td>8</td>\n",
       "      <td>105,697,285.00</td>\n",
       "      <td>10,526,173.63</td>\n",
       "      <td>16,468,807.62</td>\n",
       "      <td>31,390,778.07</td>\n",
       "    </tr>\n",
       "    <tr>\n",
       "      <th>4</th>\n",
       "      <td>7</td>\n",
       "      <td>102,560,396.91</td>\n",
       "      <td>10,357,990.08</td>\n",
       "      <td>16,104,010.11</td>\n",
       "      <td>31,081,796.87</td>\n",
       "    </tr>\n",
       "    <tr>\n",
       "      <th>5</th>\n",
       "      <td>6</td>\n",
       "      <td>103,534,556.47</td>\n",
       "      <td>10,376,541.18</td>\n",
       "      <td>16,198,138.56</td>\n",
       "      <td>31,359,100.60</td>\n",
       "    </tr>\n",
       "    <tr>\n",
       "      <th>6</th>\n",
       "      <td>5</td>\n",
       "      <td>104,998,096.65</td>\n",
       "      <td>10,361,421.23</td>\n",
       "      <td>16,327,075.48</td>\n",
       "      <td>31,409,763.98</td>\n",
       "    </tr>\n",
       "    <tr>\n",
       "      <th>7</th>\n",
       "      <td>4</td>\n",
       "      <td>103,040,760.47</td>\n",
       "      <td>10,331,847.70</td>\n",
       "      <td>16,158,364.92</td>\n",
       "      <td>31,151,526.39</td>\n",
       "    </tr>\n",
       "    <tr>\n",
       "      <th>8</th>\n",
       "      <td>3</td>\n",
       "      <td>105,239,178.20</td>\n",
       "      <td>10,529,493.56</td>\n",
       "      <td>16,539,723.12</td>\n",
       "      <td>31,558,022.14</td>\n",
       "    </tr>\n",
       "    <tr>\n",
       "      <th>9</th>\n",
       "      <td>2</td>\n",
       "      <td>105,194,017.01</td>\n",
       "      <td>10,469,590.24</td>\n",
       "      <td>16,443,190.99</td>\n",
       "      <td>31,354,700.09</td>\n",
       "    </tr>\n",
       "  </tbody>\n",
       "</table>\n",
       "</div>"
      ],
      "text/plain": [
       "   month            sum(msrp)        sum(discount)             sum(tax)  \\\n",
       "0     11       105,855,753.40        10,558,502.31        16,512,540.38   \n",
       "1     10       102,540,099.71        10,242,788.20        15,953,669.97   \n",
       "2      9        99,945,124.35         9,960,439.89        15,639,564.24   \n",
       "3      8       105,697,285.00        10,526,173.63        16,468,807.62   \n",
       "4      7       102,560,396.91        10,357,990.08        16,104,010.11   \n",
       "5      6       103,534,556.47        10,376,541.18        16,198,138.56   \n",
       "6      5       104,998,096.65        10,361,421.23        16,327,075.48   \n",
       "7      4       103,040,760.47        10,331,847.70        16,158,364.92   \n",
       "8      3       105,239,178.20        10,529,493.56        16,539,723.12   \n",
       "9      2       105,194,017.01        10,469,590.24        16,443,190.99   \n",
       "\n",
       "         sum(upgrades)  \n",
       "0        31,766,978.51  \n",
       "1        30,850,906.23  \n",
       "2        29,860,856.27  \n",
       "3        31,390,778.07  \n",
       "4        31,081,796.87  \n",
       "5        31,359,100.60  \n",
       "6        31,409,763.98  \n",
       "7        31,151,526.39  \n",
       "8        31,558,022.14  \n",
       "9        31,354,700.09  "
      ]
     },
     "execution_count": 44,
     "metadata": {},
     "output_type": "execute_result"
    }
   ],
   "source": [
    "# descending:\n",
    "df1_febnov.groupBy(\"month\")\\\n",
    ".agg(*price_sum_expr)\\\n",
    ".orderBy(\"month\",ascending=False)\\\n",
    ".limit(50).toPandas()"
   ]
  },
  {
   "cell_type": "code",
   "execution_count": 45,
   "metadata": {},
   "outputs": [
    {
     "data": {
      "text/html": [
       "<div>\n",
       "<style scoped>\n",
       "    .dataframe tbody tr th:only-of-type {\n",
       "        vertical-align: middle;\n",
       "    }\n",
       "\n",
       "    .dataframe tbody tr th {\n",
       "        vertical-align: top;\n",
       "    }\n",
       "\n",
       "    .dataframe thead th {\n",
       "        text-align: right;\n",
       "    }\n",
       "</style>\n",
       "<table border=\"1\" class=\"dataframe\">\n",
       "  <thead>\n",
       "    <tr style=\"text-align: right;\">\n",
       "      <th></th>\n",
       "      <th>month</th>\n",
       "      <th>sum(msrp)</th>\n",
       "      <th>sum(discount)</th>\n",
       "      <th>sum(tax)</th>\n",
       "      <th>sum(upgrades)</th>\n",
       "    </tr>\n",
       "  </thead>\n",
       "  <tbody>\n",
       "    <tr>\n",
       "      <th>0</th>\n",
       "      <td>11</td>\n",
       "      <td>104,566,032.80</td>\n",
       "      <td>10,499,755.73</td>\n",
       "      <td>16,294,888.87</td>\n",
       "      <td>31,559,189.80</td>\n",
       "    </tr>\n",
       "    <tr>\n",
       "      <th>1</th>\n",
       "      <td>10</td>\n",
       "      <td>104,375,392.57</td>\n",
       "      <td>10,354,372.50</td>\n",
       "      <td>16,294,745.72</td>\n",
       "      <td>31,409,742.93</td>\n",
       "    </tr>\n",
       "    <tr>\n",
       "      <th>2</th>\n",
       "      <td>9</td>\n",
       "      <td>102,872,863.72</td>\n",
       "      <td>10,271,764.28</td>\n",
       "      <td>16,105,473.91</td>\n",
       "      <td>30,758,758.34</td>\n",
       "    </tr>\n",
       "    <tr>\n",
       "      <th>3</th>\n",
       "      <td>8</td>\n",
       "      <td>107,086,689.03</td>\n",
       "      <td>10,730,774.73</td>\n",
       "      <td>16,716,835.47</td>\n",
       "      <td>32,130,763.87</td>\n",
       "    </tr>\n",
       "    <tr>\n",
       "      <th>4</th>\n",
       "      <td>7</td>\n",
       "      <td>104,942,508.47</td>\n",
       "      <td>10,385,217.35</td>\n",
       "      <td>16,199,618.13</td>\n",
       "      <td>31,437,732.13</td>\n",
       "    </tr>\n",
       "    <tr>\n",
       "      <th>5</th>\n",
       "      <td>6</td>\n",
       "      <td>103,759,385.61</td>\n",
       "      <td>10,363,793.87</td>\n",
       "      <td>16,238,418.47</td>\n",
       "      <td>31,121,530.60</td>\n",
       "    </tr>\n",
       "    <tr>\n",
       "      <th>6</th>\n",
       "      <td>5</td>\n",
       "      <td>103,054,766.12</td>\n",
       "      <td>10,317,237.28</td>\n",
       "      <td>16,112,904.76</td>\n",
       "      <td>30,863,318.19</td>\n",
       "    </tr>\n",
       "    <tr>\n",
       "      <th>7</th>\n",
       "      <td>4</td>\n",
       "      <td>105,364,638.63</td>\n",
       "      <td>10,619,500.07</td>\n",
       "      <td>16,518,245.47</td>\n",
       "      <td>31,620,804.66</td>\n",
       "    </tr>\n",
       "    <tr>\n",
       "      <th>8</th>\n",
       "      <td>3</td>\n",
       "      <td>103,117,723.14</td>\n",
       "      <td>10,334,129.62</td>\n",
       "      <td>16,121,377.62</td>\n",
       "      <td>30,672,249.74</td>\n",
       "    </tr>\n",
       "    <tr>\n",
       "      <th>9</th>\n",
       "      <td>2</td>\n",
       "      <td>104,752,423.97</td>\n",
       "      <td>10,475,493.76</td>\n",
       "      <td>16,319,597.62</td>\n",
       "      <td>31,350,142.40</td>\n",
       "    </tr>\n",
       "  </tbody>\n",
       "</table>\n",
       "</div>"
      ],
      "text/plain": [
       "   month            sum(msrp)        sum(discount)             sum(tax)  \\\n",
       "0     11       104,566,032.80        10,499,755.73        16,294,888.87   \n",
       "1     10       104,375,392.57        10,354,372.50        16,294,745.72   \n",
       "2      9       102,872,863.72        10,271,764.28        16,105,473.91   \n",
       "3      8       107,086,689.03        10,730,774.73        16,716,835.47   \n",
       "4      7       104,942,508.47        10,385,217.35        16,199,618.13   \n",
       "5      6       103,759,385.61        10,363,793.87        16,238,418.47   \n",
       "6      5       103,054,766.12        10,317,237.28        16,112,904.76   \n",
       "7      4       105,364,638.63        10,619,500.07        16,518,245.47   \n",
       "8      3       103,117,723.14        10,334,129.62        16,121,377.62   \n",
       "9      2       104,752,423.97        10,475,493.76        16,319,597.62   \n",
       "\n",
       "         sum(upgrades)  \n",
       "0        31,559,189.80  \n",
       "1        31,409,742.93  \n",
       "2        30,758,758.34  \n",
       "3        32,130,763.87  \n",
       "4        31,437,732.13  \n",
       "5        31,121,530.60  \n",
       "6        30,863,318.19  \n",
       "7        31,620,804.66  \n",
       "8        30,672,249.74  \n",
       "9        31,350,142.40  "
      ]
     },
     "execution_count": 45,
     "metadata": {},
     "output_type": "execute_result"
    }
   ],
   "source": [
    "# descending:\n",
    "df2_febnov.groupBy(\"month\")\\\n",
    ".agg(*price_sum_expr)\\\n",
    ".orderBy(\"month\",ascending=False)\\\n",
    ".limit(50).toPandas()"
   ]
  },
  {
   "cell_type": "markdown",
   "metadata": {
    "collapsed": true
   },
   "source": [
    "### Let's find the max msrp in the summer time .. months 6,7, or 8."
   ]
  },
  {
   "cell_type": "code",
   "execution_count": 62,
   "metadata": {},
   "outputs": [],
   "source": [
    "# NB! the filter retains/catches those results!\n",
    "df1_678 = df1\\\n",
    ".filter((col(\"month\") == 6) | (col(\"month\") == 7) | (col(\"month\") == 8))"
   ]
  },
  {
   "cell_type": "code",
   "execution_count": 63,
   "metadata": {},
   "outputs": [
    {
     "data": {
      "text/plain": [
       "25071"
      ]
     },
     "execution_count": 63,
     "metadata": {},
     "output_type": "execute_result"
    }
   ],
   "source": [
    "df1_678.count()"
   ]
  },
  {
   "cell_type": "code",
   "execution_count": 67,
   "metadata": {},
   "outputs": [
    {
     "data": {
      "text/html": [
       "<div>\n",
       "<style scoped>\n",
       "    .dataframe tbody tr th:only-of-type {\n",
       "        vertical-align: middle;\n",
       "    }\n",
       "\n",
       "    .dataframe tbody tr th {\n",
       "        vertical-align: top;\n",
       "    }\n",
       "\n",
       "    .dataframe thead th {\n",
       "        text-align: right;\n",
       "    }\n",
       "</style>\n",
       "<table border=\"1\" class=\"dataframe\">\n",
       "  <thead>\n",
       "    <tr style=\"text-align: right;\">\n",
       "      <th></th>\n",
       "      <th>passwords</th>\n",
       "      <th>quarter</th>\n",
       "      <th>month</th>\n",
       "      <th>tenthousand</th>\n",
       "      <th>msrp</th>\n",
       "      <th>discount</th>\n",
       "      <th>tax</th>\n",
       "      <th>upgrades</th>\n",
       "    </tr>\n",
       "  </thead>\n",
       "  <tbody>\n",
       "    <tr>\n",
       "      <th>0</th>\n",
       "      <td>pzjjmgch</td>\n",
       "      <td>2</td>\n",
       "      <td>6</td>\n",
       "      <td>1,461.84</td>\n",
       "      <td>24,999.55</td>\n",
       "      <td>1,215.89</td>\n",
       "      <td>2,437.16</td>\n",
       "      <td>2,394.53</td>\n",
       "    </tr>\n",
       "    <tr>\n",
       "      <th>1</th>\n",
       "      <td>zlerldky</td>\n",
       "      <td>3</td>\n",
       "      <td>8</td>\n",
       "      <td>2,945.34</td>\n",
       "      <td>24,998.63</td>\n",
       "      <td>754.38</td>\n",
       "      <td>2,252.98</td>\n",
       "      <td>5,477.38</td>\n",
       "    </tr>\n",
       "    <tr>\n",
       "      <th>2</th>\n",
       "      <td>vhzkplyb</td>\n",
       "      <td>3</td>\n",
       "      <td>6</td>\n",
       "      <td>9,013.47</td>\n",
       "      <td>24,998.57</td>\n",
       "      <td>1,641.26</td>\n",
       "      <td>1,771.71</td>\n",
       "      <td>2,434.50</td>\n",
       "    </tr>\n",
       "    <tr>\n",
       "      <th>3</th>\n",
       "      <td>awgmripr</td>\n",
       "      <td>4</td>\n",
       "      <td>6</td>\n",
       "      <td>9,752.61</td>\n",
